<?xml version="1.0" encoding="UTF-8" standalone="no"?>
<!DOCTYPE svg PUBLIC "-//W3C//DTD SVG 20010904//EN"
              "http://www.w3.org/TR/2001/REC-SVG-20010904/DTD/svg10.dtd">

<svg xmlns="http://www.w3.org/2000/svg"
     width="41.5556in" height="41.5556in"
     viewBox="0 0 2992 2992">
  <path id="Sem nome"
        fill="none" stroke="black" stroke-width="1"
        d="M 432.50,1252.50
           C 432.50,1252.50 455.00,1265.00 455.00,1265.00
             455.00,1265.00 489.50,1272.50 489.50,1272.50
             489.50,1272.50 522.00,1281.50 522.00,1281.50
             522.00,1281.50 553.50,1286.50 553.50,1286.50
             553.50,1286.50 583.00,1292.50 583.00,1292.50
             583.00,1292.50 611.50,1301.00 611.50,1301.00
             611.50,1301.00 628.00,1309.50 628.00,1309.50
             628.00,1309.50 643.00,1320.50 643.00,1320.50
             643.00,1320.50 665.00,1337.50 665.00,1337.50
             665.00,1337.50 686.50,1360.00 686.50,1360.00
             686.50,1360.00 703.50,1378.50 703.50,1378.50
             703.50,1378.50 717.00,1396.00 717.00,1396.00
             717.00,1396.00 726.50,1416.00 727.00,1416.00
             727.50,1416.00 735.00,1435.50 735.00,1435.50
             735.00,1435.50 734.00,1460.00 734.00,1460.00
             734.00,1460.00 736.00,1494.50 736.00,1494.50
             736.00,1494.50 737.50,1518.00 737.50,1518.00
             737.50,1518.00 739.00,1531.50 739.00,1531.50
             739.00,1531.50 741.50,1538.50 741.50,1539.00
             741.50,1539.50 741.50,1556.00 742.00,1556.50
             742.50,1557.00 744.00,1572.50 744.00,1572.50
             744.00,1572.50 746.95,1586.18 747.45,1586.18
             747.95,1586.18 753.82,1596.55 753.82,1596.55
             753.82,1596.55 739.27,1582.18 739.27,1582.18
             739.27,1582.18 715.45,1562.91 715.45,1562.91
             715.45,1562.91 697.45,1550.18 697.45,1550.18
             697.45,1550.18 672.73,1534.18 672.73,1534.18
             672.73,1534.18 656.00,1522.36 656.00,1522.36
             656.00,1522.36 629.64,1507.09 629.64,1507.09
             629.64,1507.09 620.73,1503.45 620.73,1503.45
             620.73,1503.45 617.27,1503.64 617.27,1503.64
             617.27,1503.64 616.00,1506.18 616.00,1506.18
             616.00,1506.18 616.55,1508.73 616.55,1508.73
             616.55,1508.73 617.27,1512.36 617.27,1512.36
             617.27,1512.36 620.18,1518.55 620.36,1518.55
             620.55,1518.55 650.55,1548.36 650.55,1548.36
             650.55,1548.36 668.91,1564.36 668.91,1564.36
             668.91,1564.36 681.82,1575.27 681.82,1575.27
             681.82,1575.27 691.82,1584.00 691.82,1584.00
             691.82,1584.00 702.36,1593.82 702.36,1593.82
             702.36,1593.82 710.55,1600.73 710.55,1600.73
             710.55,1600.73 716.36,1606.18 716.36,1606.18
             716.36,1606.18 720.18,1610.00 720.18,1610.00
             720.18,1610.00 730.36,1610.91 730.36,1610.91
             730.36,1610.91 736.18,1612.18 736.18,1612.18
             736.18,1612.18 731.45,1613.64 731.45,1613.64
             731.45,1613.64 724.18,1612.91 724.18,1612.91
             724.18,1612.91 717.64,1613.27 717.64,1613.27
             717.64,1613.27 714.18,1613.45 714.18,1613.45
             714.18,1613.45 693.27,1595.27 693.27,1595.27
             693.27,1595.27 684.73,1586.55 684.73,1586.55
             684.73,1586.55 671.64,1577.27 671.64,1577.27
             671.64,1577.27 655.82,1565.64 655.82,1565.64
             655.82,1565.64 641.27,1555.27 641.27,1555.27
             641.27,1555.27 625.09,1545.09 625.09,1545.09
             625.09,1545.09 604.91,1531.45 604.91,1531.45
             604.91,1531.45 583.82,1518.73 583.82,1518.73
             583.82,1518.73 574.91,1512.73 574.91,1512.73
             574.91,1512.73 570.55,1512.36 570.55,1512.36
             570.55,1512.36 567.45,1513.82 567.45,1513.82
             567.45,1513.82 566.73,1517.27 566.55,1517.27
             566.36,1517.27 566.55,1521.27 566.55,1521.27
             566.55,1521.27 568.73,1526.91 568.73,1526.91
             568.73,1526.91 571.64,1529.82 571.82,1529.82
             572.00,1529.82 576.73,1535.09 576.91,1535.09
             577.09,1535.09 586.55,1544.55 586.55,1544.55
             586.55,1544.55 596.55,1554.55 596.55,1554.55
             596.55,1554.55 608.73,1565.45 608.73,1565.45
             608.73,1565.45 618.18,1575.82 618.18,1576.00
             618.18,1576.18 626.55,1584.73 626.55,1584.73
             626.55,1584.73 634.18,1591.82 634.18,1591.82
             634.18,1591.82 637.64,1595.09 637.64,1595.09
             637.64,1595.09 648.18,1602.55 648.18,1602.55
             648.18,1602.55 658.00,1608.36 658.00,1608.36
             658.00,1608.36 670.00,1616.00 670.00,1616.00
             670.00,1616.00 679.27,1621.09 679.27,1621.09
             679.27,1621.09 684.73,1624.73 684.73,1624.73
             684.73,1624.73 688.36,1626.73 688.36,1626.73
             688.36,1626.73 690.91,1627.27 690.91,1627.27
             690.91,1627.27 677.64,1633.64 677.64,1633.64
             677.64,1633.64 654.73,1614.73 654.73,1614.73
             654.73,1614.73 631.64,1598.00 631.27,1597.82
             630.91,1597.64 606.73,1581.64 606.73,1581.64
             606.73,1581.64 586.36,1566.00 586.36,1566.00
             586.36,1566.00 550.36,1542.00 550.36,1542.00
             550.36,1542.00 483.09,1492.73 483.09,1492.73
             483.09,1492.73 446.00,1472.55 446.00,1472.55
             446.00,1472.55 435.82,1468.36 435.82,1468.36
             435.82,1468.36 434.00,1470.55 434.00,1470.55
             434.00,1470.55 434.18,1472.55 434.36,1472.55
             434.55,1472.55 435.27,1474.36 435.27,1474.36
             435.27,1474.36 437.09,1479.45 437.09,1479.45
             437.09,1479.45 440.91,1485.27 440.91,1485.27
             440.91,1485.27 452.18,1496.91 452.18,1497.09
             452.18,1497.27 475.82,1525.09 476.00,1525.09
             476.18,1525.09 498.36,1546.36 498.36,1546.36
             498.36,1546.36 517.27,1562.00 517.27,1562.00
             517.27,1562.00 532.73,1575.09 532.73,1575.09
             532.73,1575.09 547.82,1583.64 547.82,1583.64
             547.82,1583.64 564.73,1596.36 564.73,1596.36
             564.73,1596.36 582.00,1606.55 582.00,1606.55
             582.00,1606.55 595.09,1615.82 595.27,1615.82
             595.45,1615.82 613.82,1623.45 613.82,1623.45
             613.82,1623.45 623.64,1628.00 623.64,1628.00
             623.64,1628.00 634.73,1632.91 634.73,1632.91
             634.73,1632.91 644.73,1638.18 644.91,1638.18
             645.09,1638.18 651.09,1641.27 651.09,1641.27
             651.09,1641.27 657.09,1642.36 657.09,1642.36
             657.09,1642.36 660.18,1643.27 660.18,1643.27
             660.18,1643.27 653.45,1645.64 653.45,1645.64
             653.45,1645.64 645.45,1648.91 645.45,1648.91
             645.45,1648.91 612.73,1631.27 612.55,1631.27
             612.36,1631.27 566.91,1608.36 566.91,1608.36
             566.91,1608.36 531.09,1592.18 531.09,1592.18
             531.09,1592.18 502.91,1581.45 502.91,1581.45
             502.91,1581.45 491.09,1577.09 491.09,1577.09
             491.09,1577.09 486.73,1577.09 486.73,1577.09
             486.73,1577.09 484.36,1578.00 484.36,1578.00
             484.36,1578.00 483.45,1581.09 483.45,1581.09
             483.45,1581.09 484.18,1584.55 484.18,1584.55
             484.18,1584.55 486.55,1589.45 486.55,1589.45
             486.55,1589.45 492.55,1595.64 492.55,1595.64
             492.55,1595.64 507.64,1605.82 507.64,1605.82
             507.64,1605.82 525.64,1616.36 525.64,1616.36
             525.64,1616.36 543.64,1626.55 543.64,1626.55
             543.64,1626.55 562.00,1636.73 562.00,1636.73
             562.00,1636.73 581.27,1646.00 581.27,1646.00
             581.27,1646.00 601.09,1654.18 601.09,1654.18
             601.09,1654.18 614.73,1657.82 614.73,1657.82
             614.73,1657.82 627.82,1659.82 627.82,1659.82
             627.82,1659.82 637.64,1659.82 637.64,1659.82
             637.64,1659.82 629.09,1664.18 629.09,1664.18
             629.09,1664.18 624.91,1667.82 624.91,1667.82
             624.91,1667.82 620.18,1671.64 620.18,1671.64
             620.18,1671.64 584.73,1658.73 584.73,1658.73
             584.73,1658.73 550.55,1647.27 550.55,1647.27
             550.55,1647.27 526.55,1640.00 526.55,1640.00
             526.55,1640.00 498.73,1634.18 498.73,1634.18
             498.73,1634.18 481.09,1630.91 481.09,1630.91
             481.09,1630.91 462.91,1628.55 462.91,1628.55
             462.91,1628.55 459.82,1630.91 459.82,1630.91
             459.82,1630.91 460.36,1634.00 460.36,1634.00
             460.36,1634.00 462.55,1638.36 462.55,1638.36
             462.55,1638.36 470.18,1643.27 470.18,1643.27
             470.18,1643.27 489.82,1652.18 489.82,1652.18
             489.82,1652.18 511.27,1659.82 511.27,1659.82
             511.27,1659.82 536.91,1668.18 536.91,1668.18
             536.91,1668.18 558.00,1676.36 558.00,1676.36
             558.00,1676.36 579.64,1681.82 579.64,1681.82
             579.64,1681.82 597.27,1686.18 597.27,1686.18
             597.27,1686.18 602.55,1686.73 602.55,1686.73
             602.55,1686.73 604.91,1686.00 604.91,1685.82
             604.91,1685.64 600.91,1690.18 600.91,1690.18
             600.91,1690.18 600.55,1694.18 600.55,1694.18
             600.55,1694.18 601.62,1696.62 601.62,1696.62
             601.62,1696.62 606.75,1697.38 606.75,1697.38
             606.75,1697.38 614.38,1695.75 614.38,1695.75
             614.38,1695.75 621.75,1693.25 621.75,1693.25
             621.75,1693.25 625.75,1690.12 625.75,1690.12
             625.75,1690.12 627.12,1689.00 627.12,1689.00
             627.12,1689.00 628.75,1689.50 628.88,1689.62
             629.00,1689.75 632.00,1690.38 632.00,1690.38
             632.00,1690.38 634.25,1688.75 634.25,1688.62
             634.25,1688.50 634.38,1686.00 634.38,1686.00
             634.38,1686.00 636.38,1684.12 636.38,1684.12
             636.38,1684.12 638.12,1683.50 638.12,1683.50
             638.12,1683.50 639.25,1684.88 639.25,1684.88
             639.25,1684.88 640.00,1686.00 640.00,1686.12
             640.00,1686.25 642.50,1687.00 642.50,1687.00
             642.50,1687.00 645.75,1686.12 645.75,1685.62
             645.75,1685.12 646.50,1682.50 646.50,1682.50
             646.50,1682.50 648.25,1681.25 648.25,1681.25
             648.25,1681.25 650.25,1679.88 650.25,1679.88
             650.25,1679.88 652.38,1677.88 652.50,1677.75
             652.62,1677.62 654.12,1675.25 654.12,1675.25
             654.12,1675.25 657.88,1679.75 658.00,1679.88
             658.12,1680.00 660.00,1681.50 660.25,1681.88
             660.50,1682.25 663.88,1683.00 664.00,1683.00
             664.12,1683.00 666.38,1680.38 666.50,1680.12
             666.62,1679.88 667.00,1676.38 667.00,1675.62
             667.00,1674.88 666.25,1671.00 666.25,1671.00
             666.25,1671.00 666.00,1667.38 666.00,1667.38
             666.00,1667.38 667.38,1668.12 667.50,1668.25
             667.62,1668.38 668.12,1669.00 668.88,1669.00
             669.62,1669.00 671.12,1668.88 671.12,1669.00
             671.12,1669.12 670.38,1671.75 670.38,1672.00
             670.38,1672.25 670.38,1674.62 670.75,1674.88
             671.12,1675.12 673.00,1676.12 673.00,1676.12
             673.00,1676.12 675.50,1674.50 675.50,1674.50
             675.50,1674.50 676.38,1672.12 676.50,1671.75
             676.62,1671.38 677.50,1668.38 677.62,1668.12
             677.75,1667.88 678.75,1666.00 678.75,1666.00
             678.75,1666.00 680.12,1664.50 680.38,1664.25
             680.62,1664.00 682.50,1662.25 682.62,1662.12
             682.75,1662.00 685.62,1660.50 685.75,1660.38
             685.88,1660.25 688.50,1657.75 688.62,1657.62
             688.75,1657.50 688.62,1659.88 688.62,1659.88
             688.62,1659.88 688.62,1662.00 688.62,1662.25
             688.62,1662.50 689.00,1665.00 689.00,1665.25
             689.00,1665.50 689.25,1668.00 689.38,1668.00
             689.50,1668.00 692.50,1668.75 692.75,1668.75
             693.00,1668.75 695.38,1666.25 695.75,1665.50
             696.12,1664.75 695.75,1663.25 695.62,1662.50
             695.50,1661.75 695.38,1656.88 695.38,1656.75
             695.38,1656.62 704.75,1649.50 704.75,1649.50
             704.75,1649.50 705.88,1654.62 705.88,1654.62
             705.88,1654.62 707.00,1657.50 707.00,1657.50
             707.00,1657.50 709.38,1659.50 709.50,1659.50
             709.62,1659.50 713.75,1657.62 713.75,1657.38
             713.75,1657.12 714.62,1653.75 714.62,1653.50
             714.62,1653.25 714.75,1649.62 714.75,1649.62
             714.75,1649.62 714.75,1648.12 714.75,1648.12
             714.75,1648.12 716.62,1649.25 716.62,1649.25
             716.62,1649.25 719.62,1650.62 719.88,1650.62
             720.12,1650.62 724.25,1648.75 724.25,1648.75
             724.25,1648.75 726.25,1646.62 726.38,1646.50
             726.50,1646.38 728.88,1646.00 728.88,1646.00
             728.88,1646.00 734.50,1644.62 734.62,1644.50
             734.75,1644.38 738.12,1641.88 738.12,1641.75
             738.12,1641.62 740.62,1637.88 740.62,1637.88
             740.62,1637.88 741.12,1637.12 741.12,1637.12
             741.12,1637.12 744.38,1637.88 744.50,1637.88
             744.62,1637.88 747.88,1637.75 748.12,1637.75
             748.38,1637.75 752.62,1636.88 752.75,1636.75
             752.88,1636.62 754.88,1635.00 754.88,1635.00
             754.88,1635.00 756.00,1634.38 756.00,1634.38
             756.00,1634.38 757.00,1636.75 757.12,1636.88
             757.25,1637.00 758.25,1637.75 758.50,1637.88
             758.75,1638.00 762.12,1638.88 762.12,1638.88
             762.12,1638.88 765.12,1638.25 765.12,1638.25
             765.12,1638.25 766.38,1635.75 766.38,1635.75
             766.38,1635.75 767.12,1634.00 767.12,1634.00
             767.12,1634.00 772.00,1634.88 772.00,1634.88
             772.00,1634.88 778.50,1635.25 778.88,1635.25
             779.25,1635.25 785.75,1634.88 785.75,1634.88
             785.75,1634.88 788.38,1633.50 788.38,1633.50
             788.38,1633.50 790.00,1636.62 790.12,1636.75
             790.25,1636.88 790.25,1638.88 790.50,1639.12
             790.75,1639.38 792.50,1641.00 792.62,1641.12
             792.75,1641.25 796.00,1642.12 796.12,1642.12
             796.25,1642.12 800.12,1641.38 800.75,1641.00
             801.38,1640.62 802.75,1637.38 802.88,1636.75
             803.00,1636.12 803.50,1633.50 803.50,1633.50
             803.50,1633.50 804.62,1633.38 804.75,1633.38
             804.88,1633.38 808.00,1634.12 808.12,1634.12
             808.25,1634.12 810.00,1637.00 810.00,1637.12
             810.00,1637.25 814.50,1638.38 814.62,1638.50
             814.75,1638.62 818.25,1638.62 818.25,1638.62
             818.25,1638.62 824.62,1638.88 824.62,1638.88
             824.62,1638.88 830.25,1639.50 830.25,1639.50
             830.25,1639.50 836.88,1641.75 837.00,1641.88
             837.12,1642.00 844.88,1643.50 844.88,1643.50
             844.88,1643.50 850.25,1646.75 850.25,1646.75
             850.25,1646.75 856.75,1648.75 857.12,1649.00
             857.50,1649.25 864.00,1651.25 864.38,1651.50
             864.75,1651.75 871.12,1653.38 871.12,1653.38
             871.12,1653.38 886.88,1659.00 886.88,1659.00
             886.88,1659.00 893.75,1661.25 893.75,1661.25
             893.75,1661.25 900.50,1663.00 900.62,1663.12
             900.75,1663.25 907.75,1663.50 908.00,1663.38
             908.25,1663.25 912.62,1660.00 912.62,1659.62
             912.62,1659.25 911.12,1656.00 911.12,1656.00
             911.12,1656.00 909.62,1654.38 909.38,1654.25
             909.12,1654.12 906.25,1651.38 906.25,1651.38
             906.25,1651.38 904.25,1650.75 904.25,1650.75
             904.25,1650.75 916.38,1648.38 916.38,1648.38
             916.38,1648.38 931.18,1642.45 931.18,1642.45
             931.18,1642.45 949.45,1634.36 949.45,1634.36
             949.45,1634.36 963.27,1627.09 963.27,1627.09
             963.27,1627.09 974.73,1622.73 974.73,1622.73
             974.73,1622.73 987.27,1616.36 987.27,1616.36
             987.27,1616.36 996.55,1610.91 996.55,1610.91
             996.55,1610.91 1008.36,1601.82 1008.36,1601.82
             1008.36,1601.82 1016.36,1595.64 1016.36,1595.64
             1016.36,1595.64 1023.64,1588.91 1023.82,1588.73
             1024.00,1588.55 1031.09,1581.82 1031.09,1581.82
             1031.09,1581.82 1035.82,1577.27 1035.82,1577.27
             1035.82,1577.27 1038.55,1572.36 1038.73,1572.36
             1038.91,1572.36 1039.45,1569.45 1039.45,1569.09
             1039.45,1568.73 1038.00,1566.00 1037.45,1565.82
             1036.91,1565.64 1031.45,1567.09 1031.45,1567.09
             1031.45,1567.09 1019.64,1570.91 1019.64,1570.91
             1019.64,1570.91 1015.09,1574.00 1014.73,1574.18
             1014.36,1574.36 1002.36,1578.73 1002.36,1578.73
             1002.36,1578.73 986.36,1585.27 986.36,1585.27
             986.36,1585.27 963.27,1597.45 963.27,1597.45
             963.27,1597.45 947.27,1604.36 947.27,1604.36
             947.27,1604.36 936.00,1610.55 936.00,1610.55
             936.00,1610.55 922.36,1618.55 922.36,1618.55
             922.36,1618.55 905.09,1629.09 905.09,1629.09
             905.09,1629.09 898.91,1632.73 898.91,1632.73
             898.91,1632.73 893.82,1638.55 893.82,1638.55
             893.82,1638.55 890.91,1641.27 890.91,1641.27
             890.91,1641.27 887.45,1636.91 887.45,1636.91
             887.45,1636.91 885.09,1635.09 884.91,1635.09
             884.73,1635.09 882.00,1634.36 882.00,1634.36
             882.00,1634.36 878.36,1632.36 878.36,1632.36
             878.36,1632.36 884.36,1630.55 884.36,1630.55
             884.36,1630.55 890.91,1628.91 891.09,1628.91
             891.27,1628.91 896.73,1625.64 896.73,1625.64
             896.73,1625.64 903.82,1622.18 903.82,1622.18
             903.82,1622.18 913.45,1616.18 913.45,1616.00
             913.45,1615.82 922.91,1611.09 922.91,1611.09
             922.91,1611.09 943.09,1598.55 943.09,1598.55
             943.09,1598.55 952.73,1591.09 952.73,1591.09
             952.73,1591.09 969.27,1579.82 969.27,1579.82
             969.27,1579.82 976.36,1573.82 976.36,1573.82
             976.36,1573.82 983.64,1567.09 983.64,1567.09
             983.64,1567.09 994.91,1558.18 994.91,1558.18
             994.91,1558.18 1002.73,1551.82 1002.73,1551.82
             1002.73,1551.82 1007.45,1545.64 1007.45,1545.64
             1007.45,1545.64 1011.09,1541.82 1011.09,1541.82
             1011.09,1541.82 1011.45,1537.64 1011.45,1537.45
             1011.45,1537.27 1007.45,1534.00 1007.45,1534.00
             1007.45,1534.00 1003.45,1534.00 1003.45,1534.18
             1003.45,1534.36 999.09,1536.18 998.00,1536.55
             996.91,1536.91 988.00,1541.64 988.00,1541.64
             988.00,1541.64 969.09,1550.73 969.09,1550.73
             969.09,1550.73 955.82,1559.27 955.82,1559.27
             955.82,1559.27 942.73,1565.64 942.73,1565.64
             942.73,1565.64 928.18,1576.18 928.18,1576.18
             928.18,1576.18 914.55,1585.45 914.55,1585.45
             914.55,1585.45 902.55,1593.64 902.55,1593.64
             902.55,1593.64 893.82,1600.55 893.82,1600.55
             893.82,1600.55 880.91,1608.91 880.91,1608.91
             880.91,1608.91 870.91,1617.45 870.73,1617.45
             870.55,1617.45 866.36,1621.82 866.36,1621.82
             866.36,1621.82 864.73,1624.55 864.73,1624.55
             864.73,1624.55 860.00,1622.73 860.00,1622.73
             860.00,1622.73 857.27,1621.27 857.27,1621.27
             857.27,1621.27 853.64,1620.36 853.64,1620.36
             853.64,1620.36 858.73,1617.82 858.73,1617.82
             858.73,1617.82 862.18,1614.00 862.55,1613.82
             862.91,1613.64 870.91,1609.82 871.82,1609.45
             872.73,1609.09 879.27,1604.36 879.27,1604.36
             879.27,1604.36 892.00,1596.00 892.55,1595.64
             893.09,1595.27 912.55,1579.09 912.55,1579.09
             912.55,1579.09 928.00,1564.36 928.00,1564.36
             928.00,1564.36 944.55,1547.45 944.55,1547.45
             944.55,1547.45 959.64,1531.27 959.64,1531.27
             959.64,1531.27 974.18,1512.18 974.18,1512.18
             974.18,1512.18 994.00,1490.36 994.00,1490.36
             994.00,1490.36 1004.18,1478.00 1004.18,1478.00
             1004.18,1478.00 1018.00,1462.36 1018.00,1462.36
             1018.00,1462.36 1020.18,1457.09 1020.18,1457.09
             1020.18,1457.09 1018.18,1454.36 1017.64,1454.36
             1017.09,1454.36 1014.73,1454.18 1013.64,1454.36
             1012.55,1454.55 1011.09,1454.55 1010.91,1454.55
             1010.73,1454.55 1008.36,1455.45 1008.36,1455.45
             1008.36,1455.45 1004.73,1457.45 1004.36,1457.82
             1004.00,1458.18 1000.18,1460.18 999.09,1461.09
             998.00,1462.00 989.09,1469.64 988.73,1469.82
             988.36,1470.00 971.64,1484.55 971.64,1484.55
             971.64,1484.55 939.82,1512.36 939.82,1512.36
             939.82,1512.36 928.73,1524.00 928.73,1524.00
             928.73,1524.00 926.91,1527.27 926.91,1527.27
             926.91,1527.27 921.09,1530.91 921.09,1530.91
             921.09,1530.91 914.00,1536.18 913.64,1536.55
             913.27,1536.91 900.00,1548.91 900.00,1548.91
             900.00,1548.91 891.27,1557.82 891.27,1557.82
             891.27,1557.82 884.18,1564.73 884.18,1564.73
             884.18,1564.73 877.09,1571.27 876.91,1571.45
             876.73,1571.64 868.91,1580.18 868.91,1580.18
             868.91,1580.18 863.09,1585.45 862.73,1585.82
             862.36,1586.18 856.00,1592.73 855.82,1592.91
             855.64,1593.09 850.00,1599.45 850.00,1599.64
             850.00,1599.82 844.55,1605.64 844.36,1606.36
             844.18,1607.09 841.64,1610.00 841.64,1610.00
             841.64,1610.00 837.27,1608.91 837.27,1608.91
             837.27,1608.91 830.55,1605.64 830.55,1605.64
             830.55,1605.64 843.27,1597.27 843.27,1597.09
             843.27,1596.91 851.82,1588.36 851.82,1588.36
             851.82,1588.36 858.36,1581.64 858.55,1581.64
             858.73,1581.64 871.09,1564.91 871.09,1564.91
             871.09,1564.91 883.27,1548.36 883.27,1548.36
             883.27,1548.36 895.45,1529.09 895.45,1529.09
             895.45,1529.09 910.18,1509.27 910.18,1509.27
             910.18,1509.27 919.09,1492.91 919.09,1492.91
             919.09,1492.91 923.09,1484.18 923.27,1483.64
             923.45,1483.09 923.82,1479.45 923.82,1479.27
             923.82,1479.09 922.91,1478.55 922.73,1478.55
             922.55,1478.55 920.00,1479.09 919.82,1479.09
             919.64,1479.09 917.64,1479.45 917.27,1479.64
             916.91,1479.82 914.00,1481.09 913.82,1481.09
             913.64,1481.09 909.45,1483.82 908.73,1484.00
             908.00,1484.18 900.36,1489.27 900.36,1489.27
             900.36,1489.27 893.82,1494.73 893.45,1494.91
             893.09,1495.09 884.00,1505.45 884.00,1505.45
             884.00,1505.45 874.00,1514.18 874.00,1514.36
             874.00,1514.55 848.18,1542.00 848.18,1542.00
             848.18,1542.00 837.45,1552.00 837.45,1552.00
             837.45,1552.00 828.18,1563.64 828.18,1563.64
             828.18,1563.64 822.91,1570.91 822.73,1571.45
             822.55,1572.00 816.73,1579.82 816.55,1580.18
             816.36,1580.55 811.45,1587.09 811.27,1587.27
             811.09,1587.45 804.91,1597.27 804.73,1598.00
             804.55,1598.73 801.09,1603.64 801.09,1603.64
             801.09,1603.64 797.64,1605.82 797.64,1605.82
             797.38,1606.08 792.07,1606.85 794.00,1604.73
             793.82,1604.73 785.82,1607.45 785.82,1607.45
             785.82,1607.45 806.00,1586.73 806.00,1586.73
             806.00,1586.73 818.55,1567.64 818.55,1567.64
             818.55,1567.64 834.18,1542.18 834.18,1542.00
             834.18,1541.82 842.36,1523.45 842.36,1523.45
             842.36,1523.45 858.36,1491.09 858.36,1491.09
             858.36,1491.09 867.45,1466.91 867.45,1466.91
             867.45,1466.91 871.45,1455.64 871.45,1455.64
             871.45,1455.64 873.45,1451.27 873.64,1450.55
             873.82,1449.82 874.36,1445.82 874.36,1445.64
             874.36,1445.45 871.82,1444.73 871.82,1444.73
             871.82,1444.73 869.45,1446.73 869.45,1446.73
             869.45,1446.73 867.64,1447.64 867.27,1447.64
             866.91,1447.64 865.64,1447.64 864.73,1447.64
             863.82,1447.64 861.09,1448.73 860.73,1449.09
             860.36,1449.45 856.00,1453.64 855.82,1453.82
             855.64,1454.00 850.91,1459.27 850.91,1459.45
             850.91,1459.64 840.91,1470.36 840.91,1470.36
             840.91,1470.36 831.64,1482.55 831.64,1482.73
             831.64,1482.91 812.55,1508.55 812.55,1508.55
             812.55,1508.55 798.00,1533.27 798.00,1533.64
             798.00,1534.00 787.27,1552.91 787.27,1552.91
             787.27,1552.91 780.00,1571.45 780.00,1571.45
             780.00,1571.45 775.82,1583.64 775.82,1583.64
             775.82,1583.64 772.18,1594.18 772.18,1594.18
             772.18,1594.18 770.91,1600.00 770.91,1600.00
             770.91,1600.00 769.64,1604.55 769.64,1604.55
             769.64,1604.55 770.73,1583.27 770.73,1583.27
             770.73,1583.27 769.64,1566.91 769.64,1566.73
             769.64,1566.55 768.00,1554.91 768.00,1554.55
             768.00,1554.18 765.64,1544.36 765.45,1543.64
             765.27,1542.91 762.00,1534.18 762.00,1534.18
             762.00,1534.18 760.73,1511.27 760.73,1511.09
             760.73,1510.91 760.00,1500.18 759.82,1498.91
             759.64,1497.64 758.73,1490.18 758.36,1489.45
             758.00,1488.73 757.45,1480.00 757.45,1480.00
             757.45,1480.00 755.09,1446.00 755.09,1446.00
             755.09,1446.00 756.18,1436.55 756.18,1435.27
             756.18,1434.00 758.91,1428.18 758.91,1427.45
             758.91,1426.73 759.45,1418.00 759.45,1418.00
             759.45,1418.00 759.64,1413.09 759.64,1413.09
             759.64,1413.09 759.82,1408.36 759.82,1407.64
             759.82,1406.91 762.36,1402.91 762.36,1402.91
             762.36,1402.91 768.18,1391.27 768.36,1390.18
             768.55,1389.09 770.55,1382.55 770.73,1381.82
             770.91,1381.09 780.91,1363.82 781.45,1362.91
             782.00,1362.00 795.27,1348.36 795.27,1348.36
             795.27,1348.36 800.73,1341.09 800.73,1341.09
             800.73,1341.09 807.82,1337.09 807.82,1337.09
             807.82,1337.09 815.27,1332.73 815.64,1332.18
             816.00,1331.64 824.18,1324.91 824.18,1324.91
             824.18,1324.91 828.73,1321.27 828.73,1321.27
             828.73,1321.27 834.00,1320.18 834.00,1320.18
             834.00,1320.18 840.73,1317.09 840.73,1317.09
             840.73,1317.09 848.00,1312.73 848.18,1312.73
             848.36,1312.73 856.73,1308.91 856.73,1308.91
             856.73,1308.91 867.82,1304.55 867.82,1304.55
             867.82,1304.55 875.64,1298.36 875.64,1298.36
             875.64,1298.36 882.00,1296.55 882.00,1296.55
             882.00,1296.55 892.73,1294.55 892.73,1294.55
             892.73,1294.55 908.73,1290.73 909.45,1290.36
             910.18,1290.00 934.73,1284.55 934.73,1284.55
             934.73,1284.55 954.00,1281.09 954.00,1281.09
             954.00,1281.09 971.09,1280.00 971.09,1280.00
             971.09,1280.00 987.64,1277.82 987.64,1277.82
             987.64,1277.82 999.09,1272.18 999.09,1272.18
             999.09,1272.18 1010.73,1269.27 1010.73,1269.27
             1010.73,1269.27 1027.45,1264.55 1027.45,1264.55
             1027.45,1264.55 1039.09,1261.09 1039.64,1260.73
             1040.18,1260.36 1049.64,1256.36 1049.64,1256.36
             1049.64,1256.36 1050.55,1254.18 1050.36,1254.00
             1050.18,1253.82 1049.09,1251.27 1049.09,1251.27
             1049.09,1251.27 1045.82,1250.55 1045.09,1250.36
             1044.36,1250.18 1042.73,1250.36 1040.36,1249.45
             1038.00,1248.55 1035.09,1247.09 1035.09,1247.09
             1035.09,1247.09 1032.73,1245.82 1031.64,1245.82
             1030.55,1245.82 1026.18,1246.55 1022.00,1247.27
             1017.82,1248.00 1012.18,1249.27 1011.45,1249.27
             1010.73,1249.27 1000.91,1251.27 1000.00,1251.64
             999.09,1252.00 990.91,1253.45 989.64,1254.00
             988.36,1254.55 977.09,1257.64 975.64,1258.00
             974.18,1258.36 966.00,1259.64 965.09,1259.64
             964.18,1259.64 948.91,1261.45 948.91,1261.45
             948.91,1261.45 938.55,1263.09 938.55,1263.09
             938.55,1263.09 933.45,1262.18 933.45,1262.18
             933.45,1262.18 927.64,1260.91 927.64,1260.73
             927.64,1260.55 921.45,1262.55 920.91,1262.55
             920.36,1262.55 914.36,1267.27 914.36,1267.27
             914.36,1267.27 912.55,1269.82 912.55,1269.82
             912.55,1269.82 916.00,1263.82 916.00,1263.82
             916.00,1263.82 912.73,1262.91 912.73,1262.91
             912.73,1262.91 908.91,1263.64 908.55,1263.64
             908.18,1263.64 901.45,1264.73 901.27,1264.91
             901.09,1265.09 896.73,1268.00 896.55,1268.00
             896.36,1268.00 896.18,1266.18 896.18,1266.18
             896.18,1266.18 892.00,1266.18 892.00,1266.18
             892.00,1266.18 890.18,1266.91 889.45,1267.27
             888.73,1267.64 885.09,1269.27 883.82,1270.00
             882.55,1270.73 876.91,1273.45 876.91,1273.45
             876.91,1273.45 874.91,1276.18 874.73,1276.18
             874.55,1276.18 866.73,1274.36 866.73,1274.36
             866.73,1274.36 864.36,1274.73 864.36,1274.73
             864.36,1274.73 862.18,1277.09 862.00,1277.09
             861.82,1277.09 853.82,1279.27 853.64,1279.27
             853.45,1279.27 846.55,1281.82 846.55,1281.82
             846.55,1281.82 839.45,1283.27 838.36,1283.82
             837.27,1284.36 829.82,1287.82 829.64,1287.82
             829.45,1287.82 828.73,1285.82 828.73,1285.82
             828.73,1285.82 822.55,1290.73 822.18,1290.73
             821.82,1290.73 817.45,1293.09 817.27,1293.09
             817.09,1293.09 814.55,1295.82 814.55,1295.82
             814.55,1295.82 813.82,1294.36 813.82,1294.36
             813.82,1294.36 808.00,1299.09 808.00,1299.27
             808.00,1299.45 805.82,1303.09 805.82,1303.09
             805.82,1303.09 806.73,1298.00 806.73,1298.00
             806.73,1298.00 800.36,1301.27 800.18,1301.45
             800.00,1301.64 791.45,1308.18 791.27,1308.36
             791.09,1308.55 786.91,1314.36 786.36,1314.91
             785.82,1315.45 781.27,1319.09 781.27,1319.09
             781.27,1319.09 773.64,1326.36 773.64,1326.36
             773.64,1326.36 771.09,1331.82 771.09,1331.82
             771.09,1331.82 766.73,1336.18 766.55,1336.73
             766.36,1337.27 759.82,1348.18 759.82,1348.36
             759.82,1348.55 754.73,1358.18 754.73,1358.18
             754.73,1358.18 748.36,1370.55 748.36,1370.55
             748.36,1370.55 745.09,1378.36 745.09,1378.55
             745.09,1378.73 743.45,1386.36 743.45,1386.36
             743.45,1386.36 743.27,1393.09 743.27,1393.09
             743.27,1393.09 742.91,1400.00 742.91,1400.00
             742.91,1400.00 744.00,1406.18 744.00,1406.18
             744.00,1406.18 742.36,1388.00 742.36,1388.00
             742.36,1388.00 739.45,1385.64 739.45,1385.64
             739.45,1385.64 735.64,1373.64 735.64,1373.64
             735.64,1373.64 729.64,1367.45 729.64,1367.45
             729.64,1367.45 730.00,1372.18 730.00,1372.18
             730.00,1372.18 725.64,1363.82 725.64,1363.82
             725.64,1363.82 722.18,1357.27 721.82,1356.73
             721.45,1356.18 711.82,1341.09 711.82,1341.09
             711.82,1341.09 706.73,1334.18 706.73,1334.18
             706.73,1334.18 704.18,1330.18 704.18,1330.18
             704.18,1330.18 701.09,1329.64 701.09,1329.64
             701.09,1329.64 700.73,1333.09 700.73,1333.09
             700.73,1333.09 688.36,1317.09 688.36,1317.09
             688.36,1317.09 681.82,1310.18 681.09,1309.45
             680.36,1308.73 676.18,1306.00 676.00,1305.64
             675.82,1305.27 674.73,1304.55 674.55,1304.55
             673.45,1305.27 672.36,1306.00 672.18,1306.18
             672.00,1306.36 666.18,1300.36 666.18,1300.36
             666.18,1300.36 661.09,1296.73 660.73,1296.36
             660.36,1296.00 650.18,1288.73 650.18,1288.73
             650.18,1288.73 639.82,1283.45 639.64,1283.45
             639.45,1283.45 628.91,1277.27 628.91,1277.27
             628.91,1277.27 618.18,1272.00 618.00,1272.00
             617.82,1272.00 609.82,1267.45 609.82,1267.45
             609.82,1267.45 604.18,1264.18 604.18,1264.18
             604.18,1264.18 599.09,1263.09 599.09,1263.09
             599.09,1263.09 599.64,1267.09 599.64,1267.27
             599.64,1267.45 602.00,1268.55 602.00,1268.55
             602.00,1268.55 588.91,1263.27 588.91,1263.27
             588.91,1263.27 566.36,1258.55 566.36,1258.55
             566.36,1258.55 541.82,1256.18 541.82,1256.18
             541.82,1256.18 515.27,1254.00 515.27,1254.00" />
</svg>
